1 0.342515625 0.80978125 0.31360937499999997 0.26598437500000005
1 0.33849999999999997 0.612203125 0.2609375 0.2324375
1 0.249453125 0.41351562499999994 0.2569375 0.21898437499999995
1 0.49229687499999997 0.446109375 0.189046875 0.22167187500000002
1 0.6460781250000001 0.74971875 0.1885781250000001 0.29320312499999995
1 0.56528125 0.635375 0.16090625000000003 0.2390625
1 0.736921875 0.455703125 0.1604375000000001 0.20960937499999996
1 0.34385937499999997 0.21392187499999998 0.18237500000000004 0.22159374999999998
1 0.113296875 0.706859375 0.22571875000000002 0.3146249999999998
1 0.925 0.74765625 0.15 0.3421875
1 0.9015625 0.2796875 0.196875 0.225
1 0.7440625 0.25006249999999997 0.1747187500000001 0.25078125
1 0.49675 0.16324999999999998 0.19796875000000008 0.187203125
1 0.628453125 0.17375 0.11898437499999996 0.26623437499999997
1 0.515734375 0.32934375 0.17789062500000002 0.19796874999999997
1 0.77440625 0.672703125 0.16400000000000006 0.23290624999999993