1 0.7046875 0.21796875 0.3515625 0.3109375
1 0.67734375 0.4140625 0.29375 0.2703125
1 0.734375 0.625 0.2875 0.25625
1 0.49921875 0.5546875 0.221875 0.2484375
1 0.39453125 0.23046875 0.2328125 0.3203125
1 0.45625 0.35625 0.196875 0.2609375
1 0.259375 0.50703125 0.1921875 0.23125
1 0.609375 0.80703125 0.215625 0.2484375
1 0.8890625 0.35546875 0.221875 0.3453125
1 0.11875 0.1890625 0.2015625 0.3609375
1 0.09140625 0.6546875 0.1828125 0.253125
1 0.2203125 0.70859375 0.2125 0.275
1 0.45078125 0.8328125 0.225 0.215625
1 0.32265625 0.80234375 0.159375 0.28125
1 0.4578125 0.665625 0.20625 0.2234375
1 0.25625 0.28671875 0.1984375 0.25625