1 0.7984375 0.67890625 0.2875 0.33125
1 0.60078125 0.66953125 0.25 0.2765625
1 0.39609375 0.74375 0.2359375 0.2703125
1 0.4453125 0.50390625 0.234375 0.2046875
1 0.759375 0.371875 0.30625 0.209375
1 0.6390625 0.44375 0.25 0.1765625
1 0.471875 0.2609375 0.2203125 0.175
1 0.20390625 0.6359375 0.234375 0.1984375
1 0.67890625 0.88828125 0.3296875 0.2234375
1 0.7765625 0.09296875 0.3515625 0.1734375
1 0.3078125 0.0953125 0.2375 0.190625
1 0.26796875 0.2390625 0.2609375 0.1921875
1 0.1640625 0.4796875 0.2015625 0.2109375
1 0.1828125 0.34921875 0.2734375 0.1375
1 0.33125 0.47265625 0.2109375 0.1921875
1 0.69140625 0.23828125 0.24375 0.1796875