13 0.2484375 0.19296875 0.1296875 0.0875
13 0.4328125 0.346875 0.0609375 0.0375
13 0.54921875 0.39296875 0.0734375 0.05
13 0.4390625 0.4234375 0.0484375 0.0328125
13 0.33125 0.44296875 0.128125 0.078125
13 0.39375 0.49375 0.071875 0.05
13 0.346875 0.5921875 0.1328125 0.090625
13 0.271875 0.553125 0.1140625 0.0546875
13 0.59296875 0.3421875 0.059375 0.04375
13 0.54921875 0.67734375 0.0828125 0.04375
13 0.590625 0.76484375 0.0859375 0.040625
13 0.48125 0.69375 0.059375 0.040625
13 0.40234375 0.65078125 0.1 0.0625
13 0.41328125 0.73671875 0.071875 0.065625