13 0.18359375 0.74140625 0.0921875 0.13125
13 0.34453125 0.56171875 0.040625 0.0625
13 0.39453125 0.446875 0.0515625 0.075
13 0.421875 0.5578125 0.034375 0.0484375
13 0.4375 0.66640625 0.08125 0.1296875
13 0.490625 0.60546875 0.0515625 0.0734375
13 0.58671875 0.65625 0.0953125 0.1359375
13 0.5453125 0.7296875 0.059375 0.115625
13 0.3453125 0.4015625 0.046875 0.0609375
13 0.67890625 0.45703125 0.046875 0.084375
13 0.76796875 0.41875 0.04375 0.0875
13 0.69296875 0.525 0.04375 0.0609375
13 0.646875 0.60234375 0.065625 0.1015625
13 0.73359375 0.59453125 0.0671875 0.075