1 0.214625 0.8323281250000001 0.33015625000000004 0.2709062500000002
1 0.694953125 0.8093281250000001 0.32650000000000007 0.29187499999999994
1 0.4181875 0.694359375 0.23726562500000004 0.3610468749999999
1 0.090765625 0.7115625 0.18153125 0.37310937499999997
1 0.17892187499999998 0.463078125 0.22303125000000001 0.38062500000000005
1 0.369109375 0.421109375 0.16446875 0.2788125000000001
1 0.52978125 0.29698437499999997 0.2104687499999999 0.352
1 0.6003437500000001 0.565734375 0.2555781249999999 0.23550000000000004
1 0.74428125 0.411953125 0.22426562499999997 0.3006875000000001
1 0.20750000000000002 0.18334375 0.17303125000000003 0.272046875
1 0.35882812500000005 0.1375 0.15821875 0.275