13 0.8203125 0.45078125 0.240625 0.2296875
13 0.828125 0.64609375 0.1984375 0.1921875
13 0.7296875 0.86640625 0.1421875 0.1359375
13 0.6 0.90859375 0.190625 0.171875
13 0.6375 0.95 0.18125 0.096875
13 0.5109375 0.503125 0.1125 0.11875
13 0.67890625 0.50859375 0.0890625 0.0859375
13 0.21328125 0.61171875 0.278125 0.2515625
13 0.775 0.071875 0.15 0.14375
13 0.7484375 0.18125 0.121875 0.1140625
13 0.7109375 0.31796875 0.225 0.2234375
13 0.5359375 0.3875 0.23125 0.221875
13 0.2515625 0.271875 0.178125 0.165625
13 0.2078125 0.40390625 0.18125 0.1671875
13 0.21640625 0.496875 0.13125 0.13125
13 0.603125 0.60625 0.3703125 0.34375
13 0.6265625 0.109375 0.2171875 0.1953125