13 0.49609375 0.17578125 0.2046875 0.21875
13 0.68984375 0.1953125 0.171875 0.1796875
13 0.89453125 0.3234375 0.1203125 0.1296875
13 0.91875 0.45859375 0.1515625 0.175
13 0.96328125 0.42578125 0.0734375 0.1765625
13 0.5046875 0.48984375 0.1078125 0.1
13 0.5328125 0.3234375 0.0765625 0.0796875
13 0.57109375 0.8 0.221875 0.2546875
13 0.1140625 0.1671875 0.13125 0.1359375
13 0.21875 0.209375 0.1015625 0.1109375
13 0.34921875 0.265625 0.2 0.203125
13 0.39375 0.4484375 0.1984375 0.209375
13 0.2390625 0.7140625 0.1484375 0.1625
13 0.3640625 0.77578125 0.1484375 0.165625
13 0.4578125 0.78046875 0.11875 0.11875
13 0.61953125 0.4125 0.30625 0.3375
13 0.13125 0.3203125 0.171875 0.1984375