15 0.85625 0.2828125 0.2875 0.3375
15 0.73984375 0.409375 0.3390625 0.3734375
15 0.12421875 0.42734375 0.2484375 0.6296875
15 0.62421875 0.55625 0.6453125 0.5828125
15 0.91875 0.60078125 0.1625 0.3796875
15 0.08984375 0.78515625 0.1796875 0.1921875
15 0.334375 0.2546875 0.421875 0.284375
15 0.0203125 0.21328125 0.040625 0.2015625
15 0.046875 0.15234375 0.09375 0.0796875
15 0.33984375 0.6078125 0.4234375 0.559375
15 0.91796875 0.828125 0.1640625 0.11875
15 0.61171875 0.8421875 0.1546875 0.090625
15 0.60703125 0.26875 0.275 0.309375