15 0.83125 0.246875 0.321875 0.365625
15 0.72890625 0.38515625 0.3765625 0.40625
15 0.1375 0.46640625 0.275 0.6515625
15 0.6296875 0.54296875 0.703125 0.646875
15 0.91328125 0.55546875 0.1734375 0.3953125
15 0.121875 0.8265625 0.1984375 0.209375
15 0.309375 0.2734375 0.45 0.3265625
15 0.01171875 0.26484375 0.0234375 0.2046875
15 0.03203125 0.20078125 0.0640625 0.0890625
15 0.35234375 0.62421875 0.4796875 0.6
15 0.93125 0.78203125 0.1375 0.1359375
15 0.646875 0.82890625 0.1640625 0.10625
15 0.58203125 0.25859375 0.30625 0.3359375