1 0.7265625 0.44375 0.159375 0.1921875
1 0.80078125 0.33828125 0.1703125 0.1671875
1 0.440625 0.20390625 0.1625 0.1546875
1 0.6015625 0.29375 0.1328125 0.190625
1 0.5984375 0.44453125 0.103125 0.1359375
1 0.50234375 0.42265625 0.1109375 0.14375
1 0.4109375 0.421875 0.128125 0.1703125
1 0.43359375 0.53515625 0.1125 0.1421875
1 0.59765625 0.29765625 0.1265625 0.190625
1 0.50390625 0.28671875 0.121875 0.159375
1 0.69375 0.265625 0.11875 0.1375
1 0.38515625 0.29765625 0.1421875 0.1328125
1 0.29140625 0.31875 0.1359375 0.1390625