1 0.288296875 0.598796875 0.12926562500000002 0.169921875
1 0.23584375 0.7164531249999999 0.14489062500000002 0.14182812499999997
1 0.615046875 0.779625 0.13992187499999992 0.1297968750000001
1 0.43962500000000004 0.72159375 0.1015625 0.174421875
1 0.41395312500000003 0.5735625 0.08148437499999997 0.1239218750000001
1 0.512828125 0.57625 0.08726562500000004 0.12928125000000001
1 0.6025625 0.559265625 0.09934375000000006 0.1546875
1 0.558359375 0.45323437499999997 0.08904687500000001 0.12879687499999992
1 0.44296875 0.7175625 0.09487500000000004 0.17531250000000007
1 0.5369375 0.710421875 0.09665625000000003 0.143171875
1 0.354578125 0.7671249999999998 0.096671875 0.12264062500000002
1 0.65165625 0.676484375 0.12384374999999999 0.11099999999999995
1 0.739375 0.6383125 0.11587499999999995 0.11948437500000005