1 0.29375 0.390625 0.1390625 0.1765625
1 0.24765625 0.2703125 0.153125 0.15
1 0.6296875 0.2265625 0.146875 0.1375
1 0.4515625 0.275 0.1109375 0.1796875
1 0.41796875 0.421875 0.0875 0.128125
1 0.51640625 0.42421875 0.09375 0.134375
1 0.60546875 0.44609375 0.1078125 0.159375
1 0.55625 0.55 0.0953125 0.1328125
1 0.4546875 0.28046875 0.1046875 0.1796875
1 0.54765625 0.2921875 0.1046875 0.1484375
1 0.36875 0.22578125 0.103125 0.1265625
1 0.6609375 0.33125 0.1296875 0.1171875
1 0.74609375 0.37421875 0.121875 0.125