15 0.27890625 0.4953125 0.4125 0.471875
15 0.7203125 0.51875 0.3859375 0.415625
15 0.50390625 0.2390625 0.39375 0.346875
15 0.85390625 0.21875 0.2921875 0.29375
15 0.15703125 0.16875 0.2984375 0.3375
15 0.728125 0.153125 0.3515625 0.2609375
15 0.515625 0.06796875 0.346875 0.121875
15 0.903125 0.896875 0.1625 0.20625
15 0.63125 0.88046875 0.3625 0.2390625
15 0.28828125 0.84921875 0.3578125 0.259375
15 0.0625 0.834375 0.125 0.259375
15 0.90859375 0.059375 0.1828125 0.05625
15 0.12734375 0.60078125 0.2546875 0.3234375
15 0.5 0.59765625 0.353125 0.4078125
15 0.82109375 0.69140625 0.353125 0.309375
15 0.92265625 0.3984375 0.1546875 0.25