15 0.715625 0.54921875 0.46875 0.5171875
15 0.28125 0.46484375 0.434375 0.459375
15 0.559375 0.2453125 0.4328125 0.39375
15 0.2140625 0.1515625 0.346875 0.303125
15 0.87109375 0.25625 0.2578125 0.38125
15 0.36328125 0.1296875 0.3796875 0.259375
15 0.5890625 0.08046875 0.35625 0.1609375
15 0.05234375 0.79140625 0.1046875 0.2328125
15 0.28046875 0.83828125 0.3875 0.2828125
15 0.61953125 0.86953125 0.3859375 0.2609375
15 0.85390625 0.89765625 0.1828125 0.2046875
15 0.84375 0.68984375 0.3078125 0.353125
15 0.47578125 0.59453125 0.4015625 0.446875
15 0.16796875 0.60703125 0.3359375 0.3515625
15 0.10859375 0.29765625 0.1984375 0.2671875