15 0.27890625 0.49296875 0.3890625 0.4515625
15 0.72109375 0.49296875 0.365625 0.396875
15 0.490625 0.7609375 0.3765625 0.328125
15 0.85 0.8 0.3 0.278125
15 0.140625 0.8171875 0.28125 0.334375
15 0.709375 0.85859375 0.3390625 0.24375
15 0.49296875 0.93203125 0.3421875 0.1046875
15 0.92421875 0.11953125 0.1515625 0.2078125
15 0.65078125 0.12578125 0.3515625 0.2203125
15 0.30703125 0.13984375 0.3453125 0.2421875
15 0.06875 0.1421875 0.1375 0.253125
15 0.89765625 0.96171875 0.2046875 0.0453125
15 0.1265625 0.37890625 0.253125 0.3109375
15 0.50546875 0.40234375 0.3328125 0.390625
15 0.83046875 0.32578125 0.3390625 0.2921875
15 0.92265625 0.62421875 0.1546875 0.2421875