15 0.6640625 0.290625 0.1140625 0.0953125
15 0.70546875 0.3796875 0.0453125 0.0875
15 0.67109375 0.4734375 0.1265625 0.0984375
15 0.6921875 0.54375 0.1046875 0.0640625
15 0.7265625 0.61875 0.1703125 0.115625
15 0.55625 0.2640625 0.1375 0.065625
15 0.56640625 0.4859375 0.15 0.090625
15 0.578125 0.5734375 0.1734375 0.159375
15 0.6078125 0.68515625 0.153125 0.1046875
15 0.48046875 0.73046875 0.190625 0.1296875
15 0.44375 0.6328125 0.1921875 0.1359375
15 0.434375 0.51328125 0.1765625 0.13125
15 0.42421875 0.390625 0.171875 0.128125
15 0.40390625 0.2734375 0.1890625 0.1390625
15 0.25 0.26953125 0.19375 0.1671875
15 0.2625 0.4078125 0.1984375 0.146875
15 0.27265625 0.55546875 0.1984375 0.15625
15 0.28515625 0.6875 0.2046875 0.1546875
15 0.33125 0.7828125 0.2203125 0.1234375