13 0.1390625 0.453125 0.1828125 0.284375
13 0.3078125 0.74140625 0.1609375 0.2390625
13 0.578125 0.85 0.08125 0.16875
13 0.35390625 0.43671875 0.0875 0.1234375
13 0.67578125 0.20703125 0.0984375 0.1421875
13 0.8640625 0.38984375 0.065625 0.134375
13 0.8546875 0.70078125 0.053125 0.084375
13 0.6375 0.734375 0.065625 0.125
13 0.46015625 0.70859375 0.0859375 0.2140625
13 0.34765625 0.90390625 0.1 0.171875
13 0.50703125 0.44375 0.0953125 0.1140625
13 0.38125 0.228125 0.125 0.1171875
13 0.91875 0.6 0.0515625 0.1296875