13 0.73125 0.35078125 0.1078125 0.096875
13 0.928125 0.3078125 0.0796875 0.075
13 0.4578125 0.37734375 0.078125 0.0984375
13 0.23515625 0.39921875 0.0625 0.0734375
13 0.31015625 0.34765625 0.05 0.0984375
13 0.7125 0.26953125 0.109375 0.0984375
13 0.12578125 0.309375 0.06875 0.0734375
13 0.0390625 0.3 0.078125 0.121875
13 0.87578125 0.21328125 0.0890625 0.0828125
13 0.39375 0.22890625 0.1 0.0953125
13 0.46640625 0.21484375 0.075 0.0953125
13 0.69765625 0.16640625 0.0734375 0.1125
13 0.15546875 0.1921875 0.0796875 0.096875
13 0.075 0.175 0.071875 0.1125
13 0.615625 0.0984375 0.0671875 0.1140625
13 0.3109375 0.13359375 0.0875 0.1046875
13 0.23046875 0.1546875 0.1046875 0.1046875
13 0.4171875 0.06328125 0.0890625 0.1140625
13 0.8046875 0.01015625 0.06875 0.0203125
13 0.35078125 0.8609375 0.359375 0.265625
13 0.3703125 0.63125 0.4171875 0.2625