13 0.4453125 0.48984375 0.303125 0.271875
13 0.85390625 0.54609375 0.2921875 0.2484375
13 0.19296875 0.415625 0.2796875 0.2515625
13 0.5875 0.3328125 0.2515625 0.240625
13 0.24609375 0.16484375 0.3015625 0.284375
13 0.528125 0.1390625 0.2640625 0.265625
13 0.8640625 0.2359375 0.2390625 0.2234375
13 0.37421875 0.7234375 0.325 0.3234375
13 0.81875 0.759375 0.2484375 0.2546875
13 0.1625 0.63125 0.2796875 0.2734375
13 0.58515625 0.64609375 0.240625 0.2421875
13 0.54609375 0.85234375 0.2609375 0.2328125