15 0.684375 0.30859375 0.0953125 0.1140625
15 0.590625 0.2796875 0.0875 0.0453125
15 0.503125 0.3265625 0.0984375 0.1265625
15 0.4296875 0.31640625 0.0640625 0.1046875
15 0.35078125 0.2921875 0.115625 0.1703125
15 0.72578125 0.41171875 0.065625 0.1375
15 0.5046875 0.43203125 0.090625 0.15
15 0.41640625 0.4328125 0.159375 0.1734375
15 0.3015625 0.41875 0.1046875 0.153125
15 0.27421875 0.5515625 0.1296875 0.190625
15 0.37578125 0.57421875 0.1359375 0.1921875
15 0.49609375 0.5671875 0.13125 0.1765625
15 0.61875 0.56015625 0.128125 0.171875
15 0.7375 0.56328125 0.1390625 0.1890625
15 0.76328125 0.715625 0.1671875 0.19375
15 0.62421875 0.72265625 0.146875 0.1984375
15 0.4765625 0.7328125 0.15625 0.1984375
15 0.34453125 0.7390625 0.1546875 0.2046875
15 0.24375 0.70703125 0.1234375 0.2203125