13 0.25 0.384375 0.1 0.0875
13 0.04921875 0.36953125 0.0734375 0.06875
13 0.525 0.37265625 0.06875 0.0921875
13 0.7484375 0.36328125 0.05625 0.06875
13 0.66640625 0.32265625 0.040625 0.09375
13 0.2578125 0.30078125 0.1015625 0.0890625
13 0.84453125 0.25859375 0.0625 0.06875
13 0.93125 0.23828125 0.0703125 0.115625
13 0.08828125 0.26796875 0.0828125 0.075
13 0.56796875 0.21640625 0.0921875 0.0859375
13 0.49375 0.21328125 0.065625 0.0890625
13 0.2578125 0.196875 0.0625 0.1078125
13 0.7984375 0.146875 0.0703125 0.090625
13 0.87578125 0.11953125 0.0609375 0.1078125
13 0.32890625 0.11875 0.05625 0.109375
13 0.6359375 0.1109375 0.078125 0.096875
13 0.71953125 0.1203125 0.0953125 0.0953125
13 0.52109375 0.05546875 0.078125 0.1078125
13 0.1265625 0.03515625 0.0640625 0.059375
13 0.6984375 0.83671875 0.3375 0.2328125
13 0.646875 0.6125 0.396875 0.221875