13 0.1421875 0.434375 0.16875 0.2765625
13 0.2953125 0.73125 0.1484375 0.23125
13 0.559375 0.85390625 0.0734375 0.165625
13 0.3578125 0.42890625 0.08125 0.11875
13 0.690625 0.21640625 0.090625 0.1375
13 0.86953125 0.409375 0.059375 0.13125
13 0.84375 0.71875 0.0484375 0.08125
13 0.625 0.74140625 0.059375 0.121875
13 0.44921875 0.70625 0.075 0.2109375
13 0.3265625 0.8953125 0.090625 0.1671875
13 0.51015625 0.44453125 0.0890625 0.109375
13 0.3953125 0.22265625 0.11875 0.1109375
13 0.91328125 0.621875 0.0453125 0.128125