15 0.30234375 0.321875 0.0875 0.1078125
15 0.39453125 0.28671875 0.084375 0.0390625
15 0.48515625 0.32734375 0.090625 0.1203125
15 0.55703125 0.31171875 0.0578125 0.1015625
15 0.634375 0.28203125 0.1046875 0.1640625
15 0.26875 0.42734375 0.05625 0.134375
15 0.490625 0.4328125 0.08125 0.1453125
15 0.57890625 0.42734375 0.1484375 0.1640625
15 0.6921875 0.40546875 0.0953125 0.146875
15 0.72890625 0.5359375 0.1171875 0.1828125
15 0.62890625 0.565625 0.1234375 0.184375
15 0.50859375 0.56640625 0.1203125 0.16875
15 0.3859375 0.56796875 0.1171875 0.1640625
15 0.2671875 0.5796875 0.1265625 0.18125
15 0.25234375 0.73359375 0.1546875 0.1828125
15 0.39140625 0.73046875 0.134375 0.1890625
15 0.53984375 0.73046875 0.14375 0.1890625
15 0.671875 0.72734375 0.1421875 0.1953125
15 0.7703125 0.68828125 0.109375 0.2125