13 0.49296875 0.4453125 0.259375 0.29375
13 0.52734375 0.8578125 0.2359375 0.284375
13 0.43203125 0.1890625 0.240625 0.2703125
13 0.328125 0.57890625 0.2296875 0.2421875
13 0.178125 0.22890625 0.271875 0.290625
13 0.13828125 0.50859375 0.25625 0.2546875
13 0.2171875 0.84921875 0.2125 0.2296875
13 0.7296875 0.3859375 0.3109375 0.3125
13 0.7421875 0.83203125 0.2453125 0.2375
13 0.6484375 0.1703125 0.2625 0.26875
13 0.64140625 0.59296875 0.2328125 0.2296875
13 0.84921875 0.56484375 0.221875 0.2515625