15 0.28984375 0.24765625 0.09375 0.1421875
15 0.3125 0.32734375 0.06875 0.10625
15 0.5171875 0.265625 0.0921875 0.1046875
15 0.4109375 0.321875 0.14375 0.221875
15 0.54140625 0.33046875 0.14375 0.18125
15 0.353125 0.2390625 0.0578125 0.08125
15 0.27890625 0.41875 0.1390625 0.1515625
15 0.3265625 0.48984375 0.14375 0.196875
15 0.4765625 0.4890625 0.121875 0.1828125
15 0.61875 0.47421875 0.1453125 0.1953125
15 0.22890625 0.5328125 0.0671875 0.0734375
15 0.2546875 0.64140625 0.140625 0.209375
15 0.403125 0.6390625 0.14375 0.203125
15 0.553125 0.63828125 0.1390625 0.20625
15 0.69609375 0.63515625 0.1484375 0.2140625