15 0.29453125 0.24375 0.096875 0.14375
15 0.315625 0.32421875 0.0703125 0.1078125
15 0.52109375 0.265625 0.09375 0.10625
15 0.4140625 0.3203125 0.146875 0.225
15 0.54453125 0.33125 0.146875 0.184375
15 0.3578125 0.23671875 0.059375 0.0828125
15 0.28046875 0.41484375 0.1421875 0.1546875
15 0.3265625 0.48671875 0.146875 0.2
15 0.4765625 0.48828125 0.125 0.184375
15 0.61953125 0.4765625 0.1484375 0.1984375
15 0.228125 0.528125 0.06875 0.075
15 0.25234375 0.63671875 0.14375 0.2125
15 0.40078125 0.6375 0.146875 0.20625
15 0.55078125 0.6390625 0.1421875 0.209375
15 0.69375 0.63828125 0.1515625 0.2171875