15 0.22265625 0.359375 0.0953125 0.315625
15 0.334375 0.29765625 0.1609375 0.2453125
15 0.46328125 0.28203125 0.125 0.2140625
15 0.57265625 0.26015625 0.13125 0.1703125
15 0.69375 0.234375 0.1265625 0.11875
15 0.7890625 0.21640625 0.06875 0.0828125
15 0.30078125 0.5703125 0.1921875 0.29375
15 0.19375 0.62109375 0.0375 0.246875
15 0.24453125 0.75859375 0.1390625 0.1328125
15 0.4015625 0.71875 0.1578125 0.2125
15 0.43515625 0.4890625 0.15 0.2625
15 0.55234375 0.4453125 0.1359375 0.225
15 0.66640625 0.39140625 0.134375 0.2125
15 0.7734375 0.3578125 0.103125 0.203125
15 0.76328125 0.55859375 0.1234375 0.24375
15 0.65859375 0.6109375 0.1546875 0.2515625
15 0.53515625 0.67421875 0.140625 0.2546875
15 0.74453125 0.7453125 0.1453125 0.159375
15 0.23203125 0.2 0.1125 0.05
15 0.50546875 0.8078125 0.0875 0.034375
15 0.63359375 0.775 0.1203125 0.1