15 0.6875 0.23046875 0.10625 0.15
15 0.671875 0.31171875 0.078125 0.1125
15 0.4625 0.26796875 0.1015625 0.1125
15 0.5734375 0.31484375 0.1625 0.2328125
15 0.44375 0.334375 0.159375 0.19375
15 0.6234375 0.22734375 0.0640625 0.0859375
15 0.71328125 0.4 0.1515625 0.1625
15 0.671875 0.475 0.1609375 0.209375
15 0.52265625 0.48671875 0.1375 0.1921875
15 0.3796875 0.484375 0.1625 0.2078125
15 0.77265625 0.509375 0.0734375 0.0796875
15 0.75703125 0.61953125 0.1578125 0.2203125
15 0.60859375 0.63046875 0.1609375 0.215625
15 0.459375 0.6421875 0.15625 0.2171875
15 0.31640625 0.6515625 0.1671875 0.2265625