15 0.640625 0.77734375 0.315625 0.0953125
15 0.70234375 0.665625 0.2453125 0.1609375
15 0.71796875 0.53671875 0.2140625 0.125
15 0.73984375 0.42734375 0.1703125 0.13125
15 0.765625 0.30625 0.11875 0.1265625
15 0.78359375 0.2109375 0.0828125 0.06875
15 0.4296875 0.69921875 0.29375 0.1921875
15 0.37890625 0.80625 0.246875 0.0375
15 0.24140625 0.75546875 0.1328125 0.1390625
15 0.28125 0.5984375 0.2125 0.1578125
15 0.5109375 0.56484375 0.2625 0.15
15 0.5546875 0.44765625 0.225 0.1359375
15 0.60859375 0.33359375 0.2125 0.134375
15 0.6421875 0.2265625 0.203125 0.103125
15 0.44140625 0.23671875 0.24375 0.1234375
15 0.3890625 0.34140625 0.2515625 0.1546875
15 0.32578125 0.46484375 0.2546875 0.140625
15 0.2546875 0.25546875 0.159375 0.1453125
15 0.8 0.76796875 0.05 0.1125
15 0.1921875 0.49453125 0.034375 0.0875
15 0.225 0.36640625 0.1 0.1203125