15 0.246875 0.215625 0.14375 0.08125
15 0.1984375 0.29375 0.0453125 0.1
15 0.409375 0.225 0.15625 0.1
15 0.284375 0.31875 0.18125 0.19375
15 0.2078125 0.42578125 0.065625 0.1203125
15 0.54453125 0.1984375 0.1203125 0.0453125
15 0.69375 0.234375 0.196875 0.11875
15 0.75 0.315625 0.15 0.2234375
15 0.56796875 0.275 0.1640625 0.1046875
15 0.43984375 0.38828125 0.2453125 0.2890625
15 0.62109375 0.40234375 0.16875 0.1765625
15 0.76328125 0.46484375 0.1234375 0.0859375
15 0.66953125 0.571875 0.25625 0.259375
15 0.47890625 0.59453125 0.1640625 0.1609375
15 0.29296875 0.60546875 0.234375 0.2640625
15 0.23203125 0.7703125 0.1140625 0.109375
15 0.47265625 0.74453125 0.371875 0.1609375
15 0.7875 0.621875 0.075 0.25625
15 0.73125 0.75234375 0.1875 0.1453125