15 0.4359375 0.19609375 0.3296875 0.1734375
15 0.34765625 0.2875 0.278125 0.21875
15 0.29921875 0.4078125 0.2390625 0.1765625
15 0.24921875 0.5078125 0.1984375 0.1703125
15 0.19296875 0.61875 0.146875 0.153125
15 0.1515625 0.70546875 0.0984375 0.0875
15 0.61953125 0.32578125 0.3328125 0.2609375
15 0.69609375 0.23515625 0.2484375 0.1
15 0.815625 0.3203125 0.1640625 0.16875
15 0.73671875 0.46171875 0.246875 0.2078125
15 0.50625 0.434375 0.2921875 0.2125
15 0.43359375 0.53671875 0.253125 0.1890625
15 0.35234375 0.6328125 0.240625 0.184375
15 0.2921875 0.72734375 0.2234375 0.1515625
15 0.48828125 0.76953125 0.2671875 0.1828125
15 0.56640625 0.68203125 0.2828125 0.2140625
15 0.659375 0.57890625 0.2828125 0.2015625
15 0.6734375 0.8 0.1921875 0.18125
15 0.2796875 0.16328125 0.078125 0.121875
15 0.79609375 0.58515625 0.05625 0.09375
15 0.73125 0.7 0.128125 0.1421875