15 0.7 0.17578125 0.15625 0.1046875
15 0.7609375 0.24453125 0.0625 0.10625
15 0.54140625 0.21328125 0.171875 0.125
15 0.68125 0.284375 0.2125 0.221875
15 0.775 0.37578125 0.0859375 0.1296875
15 0.40390625 0.2109375 0.1265625 0.065625
15 0.26328125 0.271875 0.2140625 0.1515625
15 0.221875 0.36171875 0.1859375 0.2453125
15 0.39375 0.28984375 0.1796875 0.13125
15 0.53984375 0.3796875 0.2921875 0.3265625
15 0.3640625 0.425 0.196875 0.203125
15 0.234375 0.5109375 0.1359375 0.10625
15 0.3453125 0.6 0.296875 0.3
15 0.5375 0.5890625 0.1890625 0.1875
15 0.721875 0.56796875 0.2765625 0.3
15 0.8109375 0.71953125 0.13125 0.128125
15 0.56953125 0.7359375 0.39375 0.2234375
15 0.23828125 0.6703125 0.11875 0.265625
15 0.31640625 0.78828125 0.209375 0.175