13 0.6875 0.278125 0.15625 0.1328125
13 0.71640625 0.3828125 0.1375 0.1
13 0.59453125 0.35390625 0.096875 0.0765625
13 0.58515625 0.45 0.0859375 0.078125
13 0.50625 0.50625 0.0984375 0.0765625
13 0.7390625 0.5265625 0.30625 0.246875
13 0.640625 0.59765625 0.25625 0.2
13 0.35703125 0.478125 0.1421875 0.11875
13 0.2828125 0.63984375 0.1546875 0.1546875
13 0.39921875 0.61953125 0.1171875 0.096875
13 0.40390625 0.696875 0.1609375 0.128125
13 0.2671875 0.725 0.090625 0.09375
13 0.2125 0.82421875 0.0671875 0.0515625
13 0.49296875 0.5625 0.1578125 0.1421875
13 0.36796875 0.54921875 0.08125 0.0703125