13 0.22578125 0.59609375 0.1265625 0.153125
13 0.31328125 0.66015625 0.09375 0.1359375
13 0.3296875 0.53515625 0.071875 0.09375
13 0.42265625 0.56171875 0.075 0.084375
13 0.50390625 0.5078125 0.071875 0.0953125
13 0.43984375 0.7328125 0.2359375 0.2984375
13 0.540625 0.66640625 0.190625 0.25
13 0.53125 0.35859375 0.1140625 0.1390625
13 0.70859375 0.346875 0.1484375 0.15
13 0.64765625 0.44921875 0.0921875 0.1140625
13 0.71796875 0.48046875 0.121875 0.1578125
13 0.79375 0.36328125 0.090625 0.0859375
13 0.90625 0.34765625 0.05 0.065625
13 0.5609375 0.515625 0.1359375 0.153125
13 0.59375 0.39453125 0.0671875 0.0796875