14 0.5109375 0.47421875 0.1546875 0.16875
14 0.3609375 0.68828125 0.1609375 0.1671875
14 0.053125 0.6328125 0.10625 0.15
14 0.340625 0.35859375 0.1875 0.1703125
14 0.53125 0.57578125 0.0984375 0.0875
14 0.45078125 0.6578125 0.0953125 0.1203125
14 0.45546875 0.56796875 0.1359375 0.1046875
14 0.353125 0.54296875 0.16875 0.140625
14 0.43515625 0.8203125 0.0734375 0.0921875
14 0.28984375 0.81171875 0.16875 0.1046875
14 0.11875 0.7453125 0.1890625 0.16875
14 0.028125 0.740625 0.05625 0.084375
14 0.14375 0.384375 0.16875 0.1734375
14 0.19609375 0.55 0.2078125 0.2671875
14 0.43046875 0.39609375 0.140625 0.1875
14 0.3 0.52421875 0.1828125 0.2328125
14 0.2421875 0.35390625 0.1359375 0.14375