14 0.5015625 0.34765625 0.3671875 0.396875
14 0.353125 0.5375 0.3359375 0.3375
14 0.615625 0.15234375 0.35 0.3046875
14 0.21953125 0.32109375 0.3046875 0.378125
14 0.78515625 0.76484375 0.3390625 0.4015625
14 0.30859375 0.8921875 0.1671875 0.215625
14 0.1515625 0.13359375 0.196875 0.159375
14 0.31796875 0.1109375 0.234375 0.2
14 0.73984375 0.41015625 0.240625 0.3375
14 0.57109375 0.70625 0.3640625 0.43125
14 0.65234375 0.93125 0.3109375 0.1375
14 0.43125 0.8796875 0.396875 0.240625
14 0.39921875 0.7796875 0.25 0.23125