14 0.5703125 0.36484375 0.3640625 0.39375
14 0.35234375 0.46640625 0.3328125 0.3328125
14 0.77734375 0.2125 0.346875 0.371875
14 0.33125 0.21328125 0.3 0.3765625
14 0.6328125 0.8328125 0.334375 0.334375
14 0.146875 0.77265625 0.1640625 0.2375
14 0.35546875 0.046875 0.1953125 0.09375
14 0.51328125 0.084375 0.2328125 0.16875
14 0.7546875 0.52890625 0.2359375 0.3359375
14 0.46953125 0.715625 0.3578125 0.428125
14 0.43828125 0.94296875 0.3109375 0.1140625
14 0.2515625 0.8375 0.39375 0.303125
14 0.2828125 0.703125 0.246875 0.228125