14 0.35234375 0.53828125 0.3359375 0.2953125
14 0.50078125 0.3484375 0.278125 0.2765625
14 0.1578125 0.70546875 0.315625 0.2828125
14 0.25859375 0.27109375 0.3328125 0.23125
14 0.82578125 0.7125 0.3484375 0.2625
14 0.8453125 0.2171875 0.215625 0.11875
14 0.06015625 0.25078125 0.1203125 0.1734375
14 0.078125 0.4171875 0.15625 0.203125
14 0.47109375 0.7546875 0.3046875 0.171875
14 0.7171875 0.51875 0.375 0.28125
14 0.9609375 0.54296875 0.078125 0.3015625
14 0.88515625 0.33359375 0.2296875 0.3515625
14 0.746875 0.334375 0.1859375 0.2109375