14 0.0859375 0.59921875 0.1703125 0.165625
14 0.25546875 0.67578125 0.1921875 0.196875
14 0.10703125 0.74140625 0.1953125 0.115625
14 0.91484375 0.665625 0.1703125 0.165625
14 0.43203125 0.3453125 0.159375 0.1765625
14 0.27890625 0.40390625 0.2203125 0.1984375
14 0.15078125 0.38359375 0.2203125 0.2234375
14 0.51640625 0.67265625 0.2015625 0.159375
14 0.4125 0.70859375 0.1578125 0.146875
14 0.43671875 0.53359375 0.225 0.196875
14 0.93359375 0.42421875 0.1328125 0.3078125
14 0.71640625 0.47890625 0.4953125 0.503125