14 0.51328125 0.475 0.165625 0.178125
14 0.3453125 0.67578125 0.1703125 0.1765625
14 0.05078125 0.5921875 0.1015625 0.159375
14 0.353125 0.3453125 0.196875 0.18125
14 0.525 0.57890625 0.103125 0.09375
14 0.43671875 0.65234375 0.103125 0.125
14 0.44921875 0.5640625 0.140625 0.1125
14 0.35 0.53046875 0.1765625 0.1515625
14 0.40703125 0.81328125 0.0796875 0.096875
14 0.2640625 0.7921875 0.1734375 0.1171875
14 0.0984375 0.71171875 0.196875 0.1796875
14 0.01953125 0.696875 0.0390625 0.090625
14 0.1546875 0.35390625 0.1796875 0.1828125
14 0.19296875 0.5234375 0.225 0.278125
14 0.43984375 0.390625 0.153125 0.1953125
14 0.2984375 0.50703125 0.1984375 0.240625
14 0.25625 0.33203125 0.14375 0.1515625