14 0.49296875 0.47265625 0.1328125 0.15
14 0.6078125 0.7078125 0.1390625 0.146875
14 0.93828125 0.70390625 0.1234375 0.1328125
14 0.6796875 0.38515625 0.1671875 0.1453125
14 0.45703125 0.5703125 0.0875 0.075
14 0.52421875 0.66328125 0.0796875 0.109375
14 0.53359375 0.57421875 0.1234375 0.0859375
14 0.63828125 0.565625 0.1515625 0.11875
14 0.5140625 0.8265625 0.0609375 0.084375
14 0.65859375 0.840625 0.1578125 0.08125
14 0.83828125 0.80234375 0.16875 0.14375
14 0.95234375 0.81640625 0.0953125 0.0703125
14 0.8703125 0.44140625 0.146875 0.1515625
14 0.7921875 0.596875 0.171875 0.24375
14 0.58515625 0.40859375 0.115625 0.171875
14 0.69375 0.55546875 0.1515625 0.2109375
14 0.77734375 0.39609375 0.1171875 0.1265625