15 0.53125 0.6453125 0.1984375 0.178125
15 0.41328125 0.66640625 0.1046875 0.0875
15 0.3921875 0.58984375 0.1234375 0.1625
15 0.6265625 0.5296875 0.0359375 0.0609375
15 0.61171875 0.5484375 0.053125 0.04375
15 0.5796875 0.4359375 0.1390625 0.184375
15 0.640625 0.48359375 0.0171875 0.025
15 0.5125 0.48515625 0.1046875 0.16875
15 0.421875 0.45390625 0.071875 0.09375
15 0.43125 0.42578125 0.05625 0.0875
15 0.4375 0.4015625 0.0625 0.1
15 0.47734375 0.3875 0.05625 0.0921875
15 0.49609375 0.36484375 0.0640625 0.0859375
15 0.50859375 0.33671875 0.0703125 0.0828125