15 0.35390625 0.52421875 0.1859375 0.2046875
15 0.33828125 0.4046875 0.090625 0.10625
15 0.415625 0.38828125 0.165625 0.1296875
15 0.4640625 0.625 0.0625 0.0375
15 0.4453125 0.609375 0.0453125 0.0546875
15 0.56015625 0.5828125 0.1890625 0.146875
15 0.509375 0.640625 0.0265625 0.01875
15 0.5140625 0.51328125 0.171875 0.1125
15 0.55078125 0.42421875 0.096875 0.0765625
15 0.57734375 0.43515625 0.0890625 0.059375
15 0.6015625 0.4421875 0.1015625 0.0671875
15 0.6140625 0.48359375 0.09375 0.0609375
15 0.63515625 0.503125 0.0875 0.06875
15 0.6625 0.5171875 0.0859375 0.0734375