15 0.44609375 0.36171875 0.1765625 0.153125
15 0.559375 0.321875 0.09375 0.0734375
15 0.5921875 0.39453125 0.1015625 0.1484375
15 0.3703125 0.490625 0.0265625 0.0578125
15 0.38203125 0.46953125 0.0484375 0.0359375
15 0.43125 0.57578125 0.1140625 0.16875
15 0.3640625 0.53828125 0.0140625 0.0234375
15 0.48984375 0.51640625 0.08125 0.1578125
15 0.584375 0.53359375 0.059375 0.0859375
15 0.5796875 0.5625 0.04375 0.08125
15 0.57734375 0.5875 0.0484375 0.09375
15 0.53984375 0.6078125 0.04375 0.0859375
15 0.525 0.6328125 0.053125 0.078125
15 0.5171875 0.6625 0.059375 0.075